,City,Cloudiness,Country,Date,Humidity,Lat,Lng,Max Temp,Wind Speed
0,mount isa,26,AU,1592287602,30,-20.73,139.5,300.15,4.6
1,poplar bluff,1,US,1592287602,88,36.76,-90.39,290.37,2.03
2,bluff,89,NZ,1592287602,80,-46.6,168.33,285.68,6.05
3,maragogi,55,BR,1592287602,84,-9.01,-35.22,297.64,6.02
4,dikson,31,RU,1592287603,98,73.51,80.55,273.55,5.52
5,mataura,100,NZ,1592287603,83,-46.19,168.86,283.06,1.96
6,bambanglipuro,41,ID,1592287547,68,-7.95,110.28,303.65,6.53
7,east london,40,ZA,1592287178,93,-33.02,27.91,284.15,3.1
8,rikitea,100,PF,1592286767,84,-23.12,-134.97,297.41,4.85
9,puerto ayora,81,EC,1592287603,92,-0.74,-90.35,294.82,0.45
10,zelenikovo,75,MK,1592287603,77,41.89,21.59,291.15,0.8
11,lagoa,0,PT,1592287604,81,39.05,-27.98,290.72,5.3
12,thompson,20,CA,1592287604,87,55.74,-97.86,289.15,2.1
13,tucupita,59,VE,1592287604,98,9.06,-62.05,296.29,1.63
14,gravdal,54,NO,1592287179,61,68.12,13.5,283.15,5.7
15,srandakan,39,ID,1592287179,68,-7.94,110.25,303.72,6.58
16,hithadhoo,27,MV,1592287604,75,-0.6,73.08,302.46,6.54
17,zafra,32,ES,1592287604,82,38.42,-6.42,287.04,1.34
18,teahupoo,20,PF,1592287604,78,-17.83,-149.27,300.15,2.6
19,punta arenas,28,CL,1592287605,93,-53.15,-70.92,275.15,2.1
20,lebu,31,CL,1592287069,87,-37.62,-73.65,284.44,5.62
21,kapaa,20,US,1592287069,74,22.08,-159.32,299.15,7.2
22,hilo,20,US,1592287008,69,19.73,-155.09,298.15,2.1
23,ushuaia,40,AR,1592287011,85,-54.8,-68.3,275.15,1.5
24,chekalin,63,RU,1592287069,60,54.1,36.24,295.15,2.0
25,jamestown,1,US,1592287070,62,42.1,-79.24,286.15,2.6
26,saint george,1,US,1592286888,19,37.1,-113.58,302.15,6.7
27,pudozh,1,RU,1592287070,51,61.81,36.53,294.63,2.33
28,marsh harbour,93,BS,1592287070,78,26.54,-77.06,299.62,4.07
29,sinzheim,75,DE,1592287070,93,48.76,8.17,289.82,2.1
30,avarua,56,CK,1592287000,60,-21.21,-159.78,295.15,2.6
31,sarangani,80,PH,1592287070,76,5.4,125.46,301.34,4.35
32,kahului,40,US,1592287071,69,20.89,-156.47,299.15,6.7
33,tucurui,52,BR,1592287071,94,-3.77,-49.67,296.12,1.28
34,bredasdorp,0,ZA,1592287071,93,-34.53,20.04,279.15,1.66
35,albany,0,US,1592287071,70,42.6,-73.97,287.04,1.29
36,cape town,0,ZA,1592287134,93,-33.93,18.42,280.93,1.0
37,port elizabeth,20,ZA,1592286856,100,-33.92,25.57,282.15,2.1
38,hermanus,14,ZA,1592287001,79,-34.42,19.23,285.01,3.72
39,yellowknife,75,CA,1592287005,81,62.46,-114.35,281.15,9.3
40,khatanga,80,RU,1592287037,47,71.97,102.5,286.95,6.12
41,lucapa,61,AO,1592287072,48,-8.42,20.74,288.86,2.77
42,vaini,20,TO,1592287072,68,-21.2,-175.2,295.15,6.2
43,kimberley,0,ZA,1592287072,68,-28.73,24.76,277.05,6.93
44,evanton,75,GB,1592287072,93,57.66,-4.34,286.48,1.0
45,abalak,16,RU,1592287073,45,58.13,68.59,296.41,3.45
46,carahue,40,CL,1592287073,93,-38.7,-73.17,283.15,2.6
47,beira,75,MZ,1592287073,82,-19.84,34.84,292.15,2.1
48,mogadishu,40,SO,1592286910,69,2.04,45.34,301.15,6.2
49,otavi,0,NA,1592287073,45,-19.65,17.33,284.69,3.35
50,steinau,40,DE,1592287073,63,53.68,8.88,290.15,0.5
51,broome,1,US,1592287074,66,42.25,-75.83,286.15,3.1
52,lompoc,100,US,1592286960,87,34.64,-120.46,287.15,4.6
53,sitka,75,US,1592287014,76,57.05,-135.33,285.15,5.1
54,barranca,82,PE,1592287074,90,-10.75,-77.77,289.08,2.58
55,souillac,75,MU,1592287074,69,-20.52,57.52,296.15,7.2
56,vila,99,PT,1592287075,93,42.03,-8.16,285.37,0.45
57,ancud,90,CL,1592287011,93,-41.87,-73.82,284.26,10.3
58,atuona,75,PF,1592287075,74,-9.8,-139.03,299.99,6.47
59,kawalu,56,ID,1592287074,72,-7.38,108.21,301.7,2.27
60,sapucai,0,PY,1592287075,92,-25.67,-56.92,291.0,3.04
61,huarmey,37,PE,1592287075,86,-10.07,-78.15,289.76,2.78
62,port alfred,75,ZA,1592287076,95,-33.59,26.89,286.48,1.01
63,korla,2,CN,1592287076,12,41.76,86.15,305.12,2.69
64,les cayes,89,HT,1592287076,73,18.2,-73.75,298.49,1.88
65,folkestone,3,GB,1592287076,100,51.08,1.18,288.71,0.89
66,totton,1,GB,1592287076,94,50.92,-1.49,287.04,1.4
67,tommot,0,RU,1592287076,34,58.96,126.29,295.93,2.77
68,gigmoto,29,PH,1592287076,67,13.78,124.39,303.03,2.64
69,atar,34,MR,1592287076,21,20.52,-13.05,306.49,7.66
70,beaverlodge,90,CA,1592287077,71,55.22,-119.44,284.15,2.1
71,castro,92,BR,1592286913,89,-24.79,-50.01,286.74,3.86
72,saldanha,0,ZA,1592287077,81,-33.01,17.94,282.15,1.0
73,bambous virieux,75,MU,1592287013,69,-20.34,57.76,297.04,7.2
74,qaqortoq,100,GL,1592287023,80,60.72,-46.03,278.15,1.0
75,ostrovnoy,94,RU,1592287077,64,68.05,39.51,280.58,8.24
76,zaraza,100,VE,1592287077,96,9.35,-65.32,296.28,1.28
77,laguna,1,US,1592287077,63,38.42,-121.42,291.48,2.6
78,salalah,75,OM,1592287078,84,17.02,54.09,303.15,3.1
79,muros,82,ES,1592287078,94,42.78,-9.06,287.04,2.07
80,college,75,US,1592287078,77,64.86,-147.8,290.15,0.72
81,almaznyy,95,RU,1592287078,44,48.04,40.05,297.15,6.0
82,bethel,1,US,1592286836,87,41.37,-73.41,285.93,1.5
83,chuy,70,UY,1592287078,92,-33.7,-53.46,287.33,4.6
84,lensk,61,RU,1592287078,33,60.73,114.93,297.32,3.28
85,ust-omchug,79,RU,1592287078,39,61.15,149.63,292.77,4.03
86,tuktoyaktuk,90,CA,1592287079,47,69.45,-133.04,288.15,3.6
87,manggar,71,ID,1592287079,76,-2.88,108.27,302.47,5.21
88,nadym,100,RU,1592287079,77,65.53,72.52,284.49,8.1
89,butaritari,7,KI,1592287079,74,3.07,172.79,302.25,3.81
90,arlit,1,NE,1592287079,10,18.74,7.39,307.3,4.82
91,norman wells,75,CA,1592287079,42,65.28,-126.83,290.15,1.5
92,jijiga,70,ET,1592287079,79,9.35,42.8,291.46,8.91
93,matane,5,CA,1592287080,42,48.83,-67.52,290.15,6.2
94,victoria,0,HK,1592286924,74,22.29,114.16,304.26,2.24
95,tiznit,0,MA,1592287080,40,29.58,-9.5,293.39,0.74
96,goderich,0,CA,1592287080,66,43.75,-81.72,288.71,4.86
97,maumere,34,ID,1592287080,68,-8.62,122.21,301.99,2.87
98,new norfolk,64,AU,1592287002,78,-42.78,147.06,279.26,0.89
99,busselton,92,AU,1592287080,46,-33.65,115.33,292.04,6.63
100,mount pleasant,90,US,1592287081,93,32.79,-79.86,291.15,3.1
101,porvoo,0,FI,1592286986,79,60.39,25.67,294.26,0.45
102,charters towers,86,AU,1592287081,69,-20.1,146.27,296.36,4.02
103,marzuq,100,YE,1592287081,15,14.4,46.47,305.93,2.08
104,gat,0,IL,1592286912,69,31.61,34.76,297.04,2.1
105,narsaq,100,GL,1592287081,80,60.92,-46.05,278.15,1.0
106,clyde river,90,CA,1592287081,100,70.47,-68.59,272.15,5.7
107,kavieng,92,PG,1592287081,73,-2.57,150.8,302.46,4.45
108,meulaboh,100,ID,1592287082,90,4.14,96.13,299.2,4.29
109,vestmannaeyjar,91,IS,1592287082,73,63.44,-20.27,281.76,4.68
110,tiksi,82,RU,1592287082,56,71.69,128.87,288.55,10.01
111,timberlake,90,US,1592287082,82,37.32,-79.26,289.15,2.1
112,dharchula,0,IN,1592287082,36,29.85,80.53,302.82,2.8
113,mizan teferi,86,ET,1592287083,92,6.98,35.58,290.94,0.76
114,tigil,19,RU,1592287083,40,57.8,158.67,293.04,5.03
115,kodiak,90,US,1592287011,66,57.79,-152.41,286.15,4.1
116,beatrice,1,US,1592287083,60,40.27,-96.75,297.15,4.1
117,san isidro,75,PE,1592287083,82,-12.12,-77.05,290.15,3.6
118,carnarvon,0,AU,1592287031,17,-24.87,113.63,301.15,4.1
119,nome,1,US,1592287083,51,64.5,-165.41,290.37,2.1
120,vila franca do campo,20,PT,1592287084,77,37.72,-25.43,289.15,3.6
121,qaanaaq,0,GL,1592287084,92,77.48,-69.36,271.88,0.34
122,do gonbadan,0,IR,1592286889,14,30.36,50.8,308.15,2.47
123,talnakh,90,RU,1592287084,93,69.49,88.4,279.15,10.0
124,paamiut,100,GL,1592287084,95,61.99,-49.67,276.96,4.38
125,namibe,0,AO,1592287084,49,-15.2,12.15,294.73,1.8
126,nicoya,100,CR,1592287085,90,10.15,-85.45,297.95,0.66
127,madingou,7,CG,1592287085,90,-4.15,13.55,295.06,0.97
128,lugo,99,ES,1592287085,100,43.0,-7.5,285.93,0.45
129,semey,100,KZ,1592287085,23,50.41,80.23,297.15,7.0
130,tsiroanomandidy,11,MG,1592287085,55,-18.77,46.03,293.15,2.53
131,swan hill,88,AU,1592286860,59,-35.34,143.55,288.94,4.25
132,stillwater,1,US,1592287086,57,36.12,-97.06,299.15,3.1
133,cabo san lucas,0,MX,1592287086,63,22.89,-109.91,300.93,6.5
134,faanui,46,PF,1592287086,86,-16.48,-151.75,299.19,6.53
135,porto novo,40,BJ,1592287016,88,6.5,2.6,300.15,4.6
136,aktash,66,RU,1592287086,46,50.3,87.73,287.12,2.38
137,hays,71,US,1592287086,82,30.05,-98.03,298.15,0.45
138,yulara,0,AU,1592287086,24,-25.24,130.99,293.15,5.7
139,barrow,90,US,1592287087,72,71.29,-156.79,275.15,5.7
140,rio grande,62,BR,1592287087,94,-32.03,-52.1,288.42,5.05
141,lavrentiya,8,RU,1592287087,55,65.58,-171.0,284.46,1.87
142,hualmay,48,PE,1592287087,87,-11.1,-77.61,289.37,3.63
143,tual,42,ID,1592287087,80,-5.67,132.75,300.72,7.35
144,berlevag,40,NO,1592287087,70,70.86,29.09,280.15,10.3
145,mahebourg,75,MU,1592287087,69,-20.41,57.7,296.15,7.2
146,aswan,0,EG,1592287088,20,24.09,32.91,304.61,4.88
147,port hedland,0,AU,1592287031,19,-20.32,118.57,305.15,5.1
148,prince rupert,20,CA,1592287088,81,54.32,-130.32,285.15,1.5
149,broken hill,1,AU,1592287088,39,-31.95,141.43,292.15,6.2
150,pacific grove,100,US,1592286911,91,36.62,-121.92,288.15,1.34
151,gorontalo,17,ID,1592287088,67,0.54,123.06,303.32,1.78
152,kattivakkam,40,IN,1592287088,39,13.22,80.32,310.15,5.7
153,vardo,40,NO,1592287058,69,70.37,31.11,281.15,12.9
154,luderitz,0,NA,1592287089,10,-26.65,15.16,295.15,7.2
155,mnogovershinnyy,100,RU,1592287089,93,53.94,139.92,277.75,2.31
156,mount gambier,75,AU,1592287018,87,-37.83,140.77,287.15,6.7
157,sao filipe,7,CV,1592287089,80,14.9,-24.5,297.55,1.58
158,purworejo,87,ID,1592287089,72,-6.79,111.92,302.67,5.05
159,katherine,8,AU,1592287049,22,-14.47,132.27,306.15,5.7
160,alta floresta,55,BR,1592287090,77,-9.88,-56.09,294.6,1.7
161,nikolskoye,4,RU,1592287072,57,59.7,30.79,297.59,1.0
162,ximei,40,CN,1592287090,53,24.96,118.38,308.15,5.0
163,san marcos,90,US,1592286790,77,33.14,-117.17,291.48,2.6
164,port macquarie,0,AU,1592287090,49,-31.43,152.92,293.15,2.1
165,filadelfia,75,US,1592286961,72,39.95,-75.16,290.37,3.1
166,tuatapere,63,NZ,1592287090,87,-46.13,167.68,284.35,2.62
167,teguldet,38,RU,1592287091,60,57.31,88.17,286.27,3.1
168,jatai,0,BR,1592287091,74,-17.88,-51.71,288.83,3.07
169,mar del plata,90,AR,1592286962,93,-38.0,-57.56,285.37,6.2
170,codrington,76,AU,1592287091,78,-38.27,141.97,286.57,6.66
171,chokurdakh,87,RU,1592287091,27,70.63,147.92,300.08,1.75
172,kashi,88,CN,1592287091,11,39.45,75.98,301.15,1.0
173,algodones,20,MX,1592287091,73,20.39,-105.48,299.26,1.0
174,arraial do cabo,98,BR,1592287091,79,-22.97,-42.03,294.09,6.17
175,sisimiut,91,GL,1592287092,71,66.94,-53.67,277.35,2.04
176,obera,0,AR,1592287092,96,-27.49,-55.12,290.18,1.74
177,parana,66,AR,1592287092,93,-31.73,-60.52,287.59,4.39
178,narodychi,88,UA,1592287092,87,51.2,29.08,294.17,3.98
179,sokol,9,RU,1592287092,73,59.46,40.12,294.53,2.74
180,angoche,71,MZ,1592287092,83,-16.23,39.91,295.55,4.51
181,richards bay,2,ZA,1592287092,66,-28.78,32.04,287.74,4.03
182,auka,100,HN,1592287092,93,14.93,-83.83,296.9,1.54
183,azovo,20,RU,1592287093,32,54.7,73.02,292.15,4.0
184,madang,100,PG,1592287093,77,-5.22,145.8,301.59,2.63
185,sibu,75,MY,1592287093,74,2.3,111.82,303.15,1.0
186,oksfjord,75,NO,1592287093,75,70.24,22.35,280.37,5.7
187,svit,75,SK,1592287093,93,49.06,20.21,287.04,2.6
188,manhattan,1,US,1592287017,67,40.78,-73.97,291.15,1.35
189,daru,87,PG,1592287094,85,-9.08,143.21,299.41,8.34
190,saskylakh,60,RU,1592287094,56,71.92,114.08,285.48,8.89
191,saint-philippe,49,RE,1592287094,56,-21.36,55.77,296.15,9.3
192,kavaratti,90,IN,1592287094,74,10.57,72.64,303.15,4.1
193,neiafu,20,TO,1592287094,64,-18.65,-173.98,297.15,5.1
194,kruisfontein,30,ZA,1592287094,93,-34.0,24.73,282.96,1.75
195,igarka,96,RU,1592287094,72,67.47,86.58,283.5,7.07
196,exmouth,76,GB,1592287094,93,50.62,-3.4,287.04,2.25
197,isla vista,1,US,1592286804,87,34.41,-119.86,289.82,3.1
198,rabo de peixe,20,PT,1592287095,77,37.8,-25.58,289.15,3.6
199,georgetown,20,MY,1592287048,79,5.41,100.34,305.15,3.1
200,luwuk,21,ID,1592287095,73,-0.95,122.79,301.71,3.21
201,cidreira,4,BR,1592287035,88,-30.18,-50.21,289.14,5.91
202,grindavik,20,IS,1592287095,87,63.84,-22.43,280.15,5.7
203,monterey,87,US,1592287095,13,36.25,-121.25,289.82,7.6
204,torbay,90,CA,1592287095,100,47.67,-52.73,284.15,2.1
205,alyangula,40,AU,1592287096,54,-13.85,136.42,302.15,4.6
206,yoshii,1,JP,1592287096,54,36.25,138.98,301.15,7.2
207,catanduva,1,BR,1592287096,52,-21.14,-48.97,293.15,2.6
208,noumea,5,NC,1592287052,50,-22.28,166.46,299.15,1.5
209,airai,77,TL,1592287096,83,-8.93,125.41,294.05,2.15
210,olot,99,ES,1592287096,99,42.18,2.49,288.71,0.64
211,northam,44,GB,1592287096,96,51.03,-4.22,287.59,1.39
212,los llanos de aridane,88,ES,1592287096,83,28.66,-17.92,295.15,1.5
213,ilulissat,59,GL,1592287097,51,69.22,-51.1,276.15,3.1
214,kodinsk,30,RU,1592287097,37,58.69,99.18,291.72,4.02
215,basco,0,PH,1592287097,79,20.45,121.97,302.21,5.43
216,hwange,0,ZW,1592287097,51,-18.37,26.5,287.92,1.84
217,tiarei,20,PF,1592287097,78,-17.53,-149.33,300.15,2.6
218,chardara,0,KZ,1592287098,27,41.25,67.97,302.59,6.39
219,severo-kurilsk,97,RU,1592287098,83,50.68,156.12,279.19,6.33
220,vostok,99,RU,1592287098,81,46.49,135.88,287.09,1.5
221,santa rosa,40,PH,1592287098,59,14.31,121.11,307.59,4.6
222,pechora,100,RU,1592287098,65,65.15,57.22,283.19,2.09
223,upernavik,46,GL,1592287098,96,72.79,-56.15,272.6,5.39
224,ahuimanu,90,US,1592287098,52,21.44,-157.84,304.15,5.1
225,milledgeville,1,US,1592286854,82,33.08,-83.23,291.15,2.6
226,bathsheba,40,BB,1592287060,74,13.22,-59.52,300.15,8.7
227,pangkalanbuun,15,ID,1592286891,43,-2.68,111.62,307.93,1.86
228,longyearbyen,75,SJ,1592287099,74,78.22,15.64,276.15,6.7
229,mosquera,77,CO,1592287085,93,4.71,-74.23,282.15,1.5
230,port hardy,75,CA,1592287099,87,50.7,-127.42,284.15,1.5
231,rafai,59,CF,1592287099,94,4.95,23.92,295.94,0.76
232,leningradskiy,0,RU,1592287049,68,69.38,178.42,283.48,3.27
233,altay,39,CN,1592287099,24,47.87,88.12,299.85,3.45
234,batagay,17,RU,1592287100,28,67.63,134.63,299.38,7.55
235,kanash,15,RU,1592287100,46,55.51,47.5,294.15,4.0
236,fairbanks,40,US,1592286887,77,64.84,-147.72,290.15,2.6
237,shellbrook,12,CA,1592287100,87,53.22,-106.4,282.98,1.02
238,port augusta,27,AU,1592287100,45,-32.5,137.77,293.15,3.6
239,alamos,0,MX,1592287100,62,27.02,-108.93,302.04,0.45
240,yendi,38,GH,1592287100,83,9.44,-0.01,297.86,2.07
241,santa maria,17,BR,1592287101,95,-29.68,-53.81,287.37,2.31
242,haines junction,100,CA,1592287101,66,60.75,-137.51,286.98,2.71
243,kaitangata,100,NZ,1592287101,65,-46.28,169.85,285.93,1.34
244,banyo,100,CM,1592287101,89,6.75,11.82,292.88,1.08
245,pisco,90,PE,1592287010,82,-13.7,-76.22,291.15,2.6
246,honiara,75,SB,1592287101,62,-9.43,159.95,304.15,7.7
247,keokuk,1,US,1592287101,48,40.4,-91.38,292.15,2.1
248,meadow lake,75,US,1592287101,31,34.8,-106.54,296.15,2.1
249,hobart,40,AU,1592286881,70,-42.88,147.33,280.15,11.3
250,naze,75,JP,1592287102,94,28.37,129.48,300.15,6.7
251,santa vitoria,0,BR,1592287102,69,-18.84,-50.12,290.72,3.01
252,abu zabad,24,SD,1592287102,48,12.35,29.25,302.86,6.07
253,moree,0,AU,1592287102,45,-29.47,149.85,293.15,3.6
254,vieques,20,PR,1592287102,74,18.43,-65.83,301.15,3.1
255,buritis,33,BR,1592287102,80,-15.62,-46.42,290.86,1.98
256,yabelo,76,ET,1592287102,92,4.88,38.08,287.55,3.57
257,makaha,90,US,1592287103,78,21.47,-158.22,300.15,2.6
258,suicheng,100,CN,1592287103,52,33.9,117.93,299.31,4.6
259,esperance,40,AU,1592286931,52,-33.87,121.9,291.15,5.1
260,sale,75,MA,1592287103,82,34.04,-6.82,291.48,2.1
261,bingol,0,TR,1592287103,46,38.88,40.49,295.15,4.1
262,baker city,90,US,1592287103,81,44.77,-117.83,283.15,2.6
263,the valley,20,AI,1592287103,74,18.22,-63.06,301.15,5.1
264,la fria,82,VE,1592287104,75,8.22,-72.24,297.2,1.27
265,simplicio mendes,34,BR,1592287104,66,-7.85,-41.91,296.5,3.51
266,rocha,47,UY,1592287104,93,-34.48,-54.33,285.34,4.56
267,aquiraz,40,BR,1592287104,83,-3.9,-38.39,299.15,1.5
268,kurilsk,100,RU,1592287105,92,45.23,147.88,284.71,4.07
269,manyana,0,BW,1592287105,61,-23.4,21.72,278.17,2.85
270,chowchilla,1,US,1592287105,40,37.12,-120.26,295.15,7.2
271,hastings,35,GB,1592287105,100,50.86,0.57,288.15,1.5
272,zhezkazgan,75,KZ,1592287105,42,47.8,67.71,290.15,10.0
273,bijie,39,CN,1592286994,64,27.31,105.29,300.07,7.34
274,mackay,90,AU,1592287105,73,-21.15,149.2,296.15,6.2
275,nhulunbuy,75,AU,1592287106,69,-12.23,136.77,301.15,7.2
276,cottbus,72,DE,1592287106,63,51.77,14.33,292.04,0.45
277,shimanovsk,64,RU,1592287106,46,52.0,127.7,294.46,4.48
278,lorengau,100,PG,1592287106,73,-2.02,147.27,302.24,4.42
279,tasiilaq,36,GL,1592287013,86,65.61,-37.64,276.15,2.6
280,mareeba,14,AU,1592287107,66,-17.0,145.43,299.82,0.45
281,bireun,98,ID,1592287107,68,5.2,96.7,302.0,2.07
282,dawson,75,US,1592286908,83,31.77,-84.45,295.15,2.6
283,the pas,1,CA,1592287107,55,53.83,-101.25,290.15,4.1
284,singkang,40,MY,1592287107,63,2.1,102.8,306.15,1.0
285,kolkwitz,75,DE,1592287107,63,51.75,14.25,292.04,0.45
286,ballina,26,AU,1592287107,72,-28.87,153.57,293.15,4.6
287,flinders,30,AU,1592287107,51,-34.58,150.86,293.71,3.13
288,sayyan,92,YE,1592287108,20,15.17,44.32,295.9,4.21
289,siavonga,37,ZM,1592287108,64,-16.54,28.71,290.41,3.5
290,olafsvik,23,IS,1592287108,75,64.89,-23.71,280.88,8.44
291,tazovskiy,100,RU,1592287069,80,67.47,78.7,279.02,5.41
292,saint anthony,1,US,1592287108,49,45.02,-93.22,296.48,5.7
293,san patricio,17,MX,1592287108,70,19.22,-104.7,299.29,2.05
294,edd,80,ER,1592287108,42,13.93,41.69,308.1,2.33
295,amposta,73,ES,1592287109,87,40.71,0.58,293.71,0.45
296,mendota,1,US,1592287109,40,36.75,-120.38,295.15,7.2
297,rio gallegos,100,AR,1592287109,92,-51.62,-69.22,270.15,1.0
298,cantapoy,12,PH,1592287109,66,9.49,125.44,302.14,3.98
299,hambantota,75,LK,1592287109,75,6.12,81.12,305.15,6.7
300,neuquen,98,AR,1592287109,59,-38.95,-68.06,273.15,1.55
301,rawson,100,AR,1592287109,53,-43.3,-65.1,282.65,9.24
302,sobolevo,80,RU,1592287015,91,54.43,31.9,294.48,3.67
303,canton,40,CN,1592287021,55,23.12,113.25,305.15,6.0
304,bengkulu,47,ID,1592287110,64,-3.8,102.27,303.9,4.64
305,troitskoye,17,RU,1592287110,54,52.98,84.68,290.81,3.38
306,ternate,25,ID,1592286948,73,0.8,127.4,302.21,1.99
307,shahr-e babak,0,IR,1592287100,11,30.12,55.12,304.28,4.11
308,pasni,91,PK,1592287110,75,25.26,63.47,303.59,5.85
309,luena,0,AO,1592287110,67,-11.78,19.92,283.92,2.42
310,sawakin,0,SD,1592287111,39,19.11,37.33,305.74,1.14
311,sao joao da barra,100,BR,1592287111,82,-21.64,-41.05,293.92,6.42
312,okha,95,RU,1592286839,84,53.57,142.95,278.59,4.08
313,alofi,13,NU,1592287111,60,-19.06,-169.92,296.15,8.7
314,cayenne,90,GF,1592287111,100,4.93,-52.33,298.15,1.68
315,iqaluit,90,CA,1592287111,74,63.75,-68.51,275.15,3.1
316,berdigestyakh,39,RU,1592287111,42,62.1,126.7,295.59,2.87
317,winsum,39,NL,1592287111,94,53.33,6.52,290.93,1.39
318,neepawa,20,CA,1592287112,62,50.23,-99.47,284.15,2.92
319,manavalakurichi,40,IN,1592287112,62,8.13,77.3,305.15,5.1
320,half moon bay,1,US,1592287112,82,37.46,-122.43,289.26,6.2
321,padang,86,ID,1592286934,71,-0.95,100.35,302.89,2.43
322,grenaa,15,DK,1592287112,67,56.42,10.88,289.82,1.5
323,san jeronimo,85,PE,1592287112,76,-11.95,-75.28,280.57,0.24
324,plettenberg bay,0,ZA,1592287112,73,-34.05,23.37,285.97,1.29
325,thunder bay,75,CA,1592287045,81,48.4,-89.32,286.48,2.02
326,baykit,39,RU,1592287113,43,61.67,96.37,287.35,4.56
327,sorland,60,NO,1592287113,76,67.67,12.69,283.15,6.7
328,mlonggo,40,ID,1592287113,55,-6.53,110.7,306.15,4.6
329,sretensk,17,RU,1592287113,24,52.25,117.71,303.87,3.43
330,viesca,0,MX,1592287113,44,25.35,-102.8,298.15,0.45
331,sterling,1,US,1592287013,63,39.01,-77.43,292.04,2.62
332,taksimo,5,RU,1592287114,27,56.34,114.88,301.97,0.94
333,narasimharajapura,100,IN,1592287114,64,13.62,75.52,300.85,6.27
334,hede,100,CN,1592287114,63,33.77,120.25,297.54,3.27
335,saint-pierre,3,RE,1592287047,56,-21.34,55.48,296.15,9.3
336,cockburn town,100,TC,1592287114,81,21.46,-71.14,300.75,6.46
337,elizabeth city,90,US,1592287114,93,36.29,-76.25,291.15,8.2
338,colares,4,PT,1592287114,91,38.8,-9.45,291.48,0.89
339,kununurra,0,AU,1592287115,21,-15.77,128.73,305.15,5.7
340,sinnamary,98,GF,1592287115,88,5.38,-52.95,298.0,1.64
341,manaure,84,CO,1592287115,77,11.78,-72.44,301.07,6.42
342,ha tinh,100,VN,1592287115,65,18.33,105.9,303.14,3.51
343,svetlaya,99,RU,1592287115,87,46.54,138.33,282.69,6.47
344,doha,97,QA,1592287115,19,25.29,51.53,315.15,5.1
345,isangel,31,VU,1592287002,71,-19.55,169.27,296.61,7.52
346,saint-augustin,89,CA,1592287115,51,51.23,-58.65,285.05,4.12
347,aguimes,21,ES,1592287116,88,27.91,-15.45,295.15,4.1
348,abha,11,SA,1592287116,16,18.22,42.51,299.15,3.15
349,olenino,61,RU,1592287116,85,56.21,33.49,294.16,2.73
350,gulmarg,1,IN,1592287116,39,34.05,74.39,293.36,1.08
351,octeville,90,FR,1592287116,100,49.63,-1.64,288.15,3.6
352,ust-kuyga,87,RU,1592287116,29,70.02,135.6,299.08,9.55
353,acarau,33,BR,1592287080,88,-2.89,-40.12,297.65,4.32
354,constitucion,100,CL,1592287116,91,-35.33,-72.42,286.08,7.34
355,apsheronsk,84,RU,1592287116,49,44.46,39.73,300.51,0.44
356,chapais,1,CA,1592287117,66,49.78,-74.85,284.15,2.1
357,fortuna,90,US,1592287117,100,40.6,-124.16,286.48,2.1
358,duldurga,0,RU,1592287117,26,50.68,113.59,302.58,1.47
359,baijiantan,10,CN,1592287117,15,45.63,85.18,308.06,4.0
360,pevek,15,RU,1592287117,65,69.7,170.31,280.87,2.0
361,buy,58,RU,1592287117,70,58.48,41.53,293.78,3.13
362,burnie,86,AU,1592287117,63,-41.07,145.92,284.82,5.36
363,camabatela,0,AO,1592287118,49,-8.19,15.38,289.21,3.02
364,sao miguel do araguaia,0,BR,1592287118,66,-13.28,-50.16,292.21,2.93
365,sangar,12,RU,1592287019,45,63.92,127.47,295.43,4.59
366,ribeira grande,3,PT,1592287118,82,38.52,-28.7,290.61,6.22
367,makakilo city,90,US,1592287118,78,21.35,-158.09,300.15,2.6
368,inhambane,75,MZ,1592286948,82,-23.86,35.38,291.15,5.13
369,ponta do sol,20,PT,1592287118,83,32.67,-17.1,294.15,1.0
370,aksarka,69,RU,1592287118,48,66.56,67.8,285.1,7.32
371,cap malheureux,80,MU,1592287119,64,-19.98,57.61,297.04,4.92
372,jumla,12,NP,1592287119,92,29.27,82.18,292.59,3.29
373,vao,15,NC,1592287119,77,-22.67,167.48,296.38,8.33
374,zhigalovo,100,RU,1592287119,88,54.81,105.16,284.23,2.4
375,seoul,40,KR,1592287209,51,37.57,126.98,304.15,2.1
376,kiama,28,AU,1592287119,55,-34.68,150.87,293.71,5.36
377,mayo,20,US,1592287119,72,38.89,-76.51,291.48,3.1
378,carupano,34,VE,1592287120,85,10.67,-63.26,298.68,5.44
379,poronaysk,100,RU,1592287120,92,49.22,143.12,282.1,2.2
380,palora,97,EC,1592287120,94,-1.7,-77.93,291.25,1.04
381,sambava,100,MG,1592287120,86,-14.27,50.17,295.91,5.83
382,mattru,42,SL,1592287120,98,7.62,-11.83,296.57,1.13
383,salinopolis,42,BR,1592287120,84,-0.61,-47.36,299.32,4.86
384,dubbo,40,AU,1592287029,55,-32.25,148.62,291.15,3.6
385,klaksvik,90,FO,1592287120,100,62.23,-6.59,284.15,2.6
386,safaga,0,EG,1592287121,28,26.73,33.94,300.15,5.7
387,hasaki,20,JP,1592287121,58,35.73,140.83,305.93,5.1
388,fare,47,PF,1592287121,83,-16.7,-151.02,299.8,5.91
389,nanortalik,100,GL,1592287104,93,60.14,-45.24,277.75,4.24
390,barao de cocais,75,BR,1592287121,88,-19.95,-43.49,290.15,1.07
391,anjiang,22,CN,1592287121,49,27.32,110.1,307.41,6.06
392,christchurch,0,NZ,1592287121,58,-43.53,172.63,288.15,2.1
393,grande prairie,90,CA,1592286944,71,55.17,-118.8,284.15,2.1
394,melilla,46,ES,1592287122,49,35.29,-2.94,295.15,5.7
395,maiduguri,25,NG,1592287122,55,11.85,13.16,302.72,6.33
396,provideniya,55,RU,1592287122,62,64.38,-173.3,286.15,3.0
397,repalle,75,IN,1592287032,50,16.02,80.85,308.15,6.2
398,adrar,0,MR,1592287122,17,20.5,-10.07,307.3,7.62
399,olga,91,RU,1592287052,77,43.74,135.29,287.08,2.31
400,beringovskiy,27,RU,1592287122,84,63.05,179.32,279.79,1.88
401,te anau,92,NZ,1592287123,87,-45.42,167.72,284.04,2.07
402,waldkraiburg,100,DE,1592287123,99,48.21,12.4,287.59,2.08
403,yanam,90,IN,1592287123,66,16.73,82.22,305.15,3.6
404,nioro,100,GM,1592287123,77,13.35,-15.75,299.5,3.09
405,ilhabela,92,BR,1592287123,85,-23.78,-45.36,293.63,4.33
406,miraflores,5,MX,1592287123,51,19.22,-98.81,290.15,4.1
407,dingle,100,PH,1592287123,55,11.0,122.67,304.71,4.78
408,tecoanapa,79,MX,1592287123,80,16.52,-98.75,300.54,1.33
409,dauphin,1,CA,1592287124,48,51.15,-100.05,290.15,4.6
410,otjiwarongo,0,NA,1592287124,51,-20.46,16.65,282.49,4.76
411,nanakuli,90,US,1592287124,78,21.39,-158.15,300.15,2.6
412,genhe,63,CN,1592287124,46,50.78,121.52,295.82,1.44
413,zambezi,0,ZM,1592287124,67,-13.54,23.1,285.95,3.99
414,karratha,0,AU,1592286851,29,-20.74,116.85,301.65,5.69
415,hervey bay,83,AU,1592287124,79,-25.3,152.85,294.82,4.02
416,jos,89,NG,1592287124,76,9.92,8.9,293.28,1.59
417,marienburg,52,PL,1592287125,100,54.04,19.03,289.82,3.07
418,eureka,90,US,1592287125,100,40.8,-124.16,286.48,1.5
419,cherskiy,8,RU,1592287125,25,68.75,161.3,298.94,2.58
420,coahuayana,9,MX,1592287125,79,18.73,-103.68,298.49,0.61
421,pangoa,100,PE,1592287125,86,-12.12,-73.0,291.63,1.09
422,san quintin,2,MX,1592287125,86,30.48,-115.95,289.99,2.62
423,necochea,100,AR,1592287125,93,-38.55,-58.74,283.15,2.68
424,kasulu,75,TZ,1592287125,88,-4.58,30.1,291.15,3.0
425,quatre cocos,75,MU,1592287126,69,-20.21,57.76,297.04,7.2
426,iracoubo,100,GF,1592287126,90,5.48,-53.2,297.48,1.73
427,poum,0,NC,1592287126,72,-20.23,164.02,297.13,4.15
428,buchanan,86,LR,1592287126,88,5.88,-10.05,298.14,1.09
429,guiberoua,83,CI,1592287126,99,6.24,-6.17,294.77,1.1
430,kitimat,75,CA,1592287126,76,54.05,-128.65,285.15,7.2
431,itarema,19,BR,1592287126,89,-2.92,-39.92,297.47,4.27
432,brae,0,GB,1592287126,82,60.4,-1.35,288.15,2.1
433,garissa,93,KE,1592287127,58,-0.45,39.64,299.6,9.95
434,moorhead,1,US,1592287127,73,46.87,-96.77,298.15,1.5
435,winnemucca,40,US,1592287127,71,40.97,-117.74,286.15,3.1
436,taoudenni,0,ML,1592286926,13,22.68,-3.98,307.2,5.68
437,soller,88,ES,1592287127,88,39.77,2.72,293.15,0.5
438,avera,90,US,1592287127,82,33.19,-82.53,291.15,3.6
439,port blair,100,IN,1592287127,78,11.67,92.75,302.83,7.48
440,husavik,92,IS,1592287127,75,66.04,-17.34,278.15,8.7
441,kismayo,98,SO,1592287127,70,-0.36,42.55,300.58,8.73
442,vestmanna,68,FO,1592287128,100,62.16,-7.17,284.15,2.6
443,hamilton,1,US,1592287128,87,39.18,-84.53,291.48,2.06
444,beloha,3,MG,1592287128,69,-25.17,45.05,293.71,5.56
445,batagay-alyta,85,RU,1592287128,33,67.8,130.41,295.41,8.69
446,lerwick,20,GB,1592287128,93,60.15,-1.15,288.15,4.6
447,road town,62,VG,1592287128,89,18.42,-64.62,299.82,3.58
448,lasa,75,IT,1592287128,93,46.62,10.7,282.15,2.6
449,geraldton,0,AU,1592287129,28,-28.77,114.6,296.15,6.2
450,porbandar,91,IN,1592287129,67,21.64,69.61,305.19,4.31
451,gamba,62,GA,1592287129,91,-2.65,10.0,295.36,1.69
452,tanuku,90,IN,1592287129,66,16.75,81.7,305.15,3.6
453,deutschlandsberg,100,AT,1592287129,63,46.82,15.22,292.15,2.6
454,morvi,86,IN,1592287129,87,22.82,70.83,307.59,5.24
455,khislavichi,95,RU,1592287129,90,54.19,32.16,294.38,3.91
456,aripuana,11,BR,1592287130,79,-9.17,-60.63,294.97,1.0
457,concarneau,82,FR,1592287130,100,47.88,-3.92,287.15,2.29
458,mabaruma,44,GY,1592287130,98,8.2,-59.78,296.71,1.32
459,matelandia,0,BR,1592287130,88,-25.24,-54.0,292.15,4.6
460,yeppoon,20,AU,1592287130,47,-23.13,150.73,299.15,2.6
461,pio ix,7,BR,1592287130,88,-6.84,-40.58,292.82,2.79
462,ewa beach,40,US,1592287130,57,21.32,-158.01,300.15,6.7
463,kabalo,0,CD,1592287130,51,-6.05,26.92,294.43,3.08
464,pak phanang,20,TH,1592287130,63,8.35,100.2,306.15,3.6
465,dawei,100,MM,1592287131,74,14.08,98.2,302.44,4.47
466,jalu,0,LY,1592287131,63,29.03,21.55,296.95,9.05
467,aykhal,90,RU,1592287031,58,66.0,111.5,285.15,4.0
468,port-gentil,90,GA,1592287131,94,-0.72,8.78,297.15,3.1
469,marabba,96,SD,1592287131,61,12.35,32.18,300.74,7.74
470,auki,99,SB,1592287131,80,-8.77,160.7,300.89,2.17
471,kulhudhuffushi,98,MV,1592286869,78,6.62,73.07,302.54,7.94
472,baruun-urt,56,MN,1592287132,13,46.68,113.28,305.12,6.92
473,smidovich,96,RU,1592287132,77,48.6,133.82,288.91,1.55
474,ixtapa,20,MX,1592287132,73,20.7,-105.2,299.26,1.0
475,yumen,98,CN,1592287132,15,40.28,97.2,301.99,5.07
476,kanlagay,32,PH,1592287132,69,5.88,121.29,302.6,1.27
477,ambilobe,95,MG,1592287111,78,-13.2,49.05,296.02,2.42
478,vagur,71,FO,1592287132,93,61.47,-6.81,283.48,1.93
479,tomatlan,1,MX,1592287132,74,19.93,-105.25,297.48,0.91
480,kilindoni,74,TZ,1592287133,69,-7.91,39.67,298.81,9.68
481,wahiawa,90,US,1592287060,78,21.5,-158.02,300.15,2.6
482,halifax,5,CA,1592287133,87,44.65,-63.57,285.15,1.32
483,batemans bay,19,AU,1592287133,69,-35.72,150.18,292.59,0.45
484,harper,80,LR,1592287133,82,4.38,-7.72,298.64,2.73
485,concepcion,25,CL,1592287130,100,-36.83,-73.05,285.15,5.7
486,ostersund,75,SE,1592287100,87,63.18,14.64,286.15,1.5
487,talara,34,PE,1592287133,80,-4.58,-81.27,292.14,5.68
488,sioux lookout,75,CA,1592287134,72,50.1,-91.92,291.15,5.1
489,kloulklubed,75,PW,1592287134,74,7.04,134.26,302.15,2.6
490,minuri,60,PH,1592287134,51,16.54,121.86,306.63,0.9
491,ahipara,100,NZ,1592287018,85,-35.17,173.17,287.26,3.69
492,vila velha,90,BR,1592287134,94,-20.33,-40.29,294.15,2.6
493,vanavara,43,RU,1592287134,45,60.34,102.28,290.23,3.22
494,san vicente de canete,28,PE,1592287135,81,-13.08,-76.38,289.92,1.05
495,kapasan,100,ID,1592287135,67,-6.78,111.38,303.89,4.2
496,ouro preto do oeste,29,BR,1592287135,90,-10.75,-62.22,294.05,1.35
497,caetite,33,BR,1592287135,89,-14.07,-42.48,290.18,7.51
498,hof,90,DE,1592287135,93,50.32,11.92,288.15,1.5
499,portland,75,US,1592286998,62,45.52,-122.68,287.15,2.1
500,port keats,23,AU,1592287008,29,-14.25,129.55,305.9,5.41
501,eyl,58,SO,1592287135,45,7.98,49.82,304.38,14.5
502,saint-francois,75,FR,1592287017,82,46.42,3.91,287.15,1.61
503,senador jose porfirio,42,BR,1592287136,92,-2.59,-51.95,296.77,0.13
504,solwezi,0,ZM,1592287136,72,-12.17,26.39,285.23,2.86
505,dabakala,18,CI,1592287136,96,8.37,-4.43,295.07,1.82
506,namatanai,78,PG,1592287136,70,-3.67,152.43,302.1,3.32
507,moron,75,AR,1592287136,82,-34.65,-58.62,288.71,3.6
508,cedral,9,MX,1592287136,74,23.8,-100.73,290.25,6.83
509,camacha,40,PT,1592287136,94,33.08,-16.33,293.15,2.1
510,yerofey pavlovich,37,RU,1592287136,23,53.97,121.97,298.83,2.5
511,havre-saint-pierre,90,CA,1592287136,76,50.23,-63.6,282.15,4.5
512,pandan,0,PH,1592287137,67,14.05,124.17,303.09,3.95
513,ankazoabo,0,MG,1592287137,53,-22.28,44.52,293.77,3.4
514,burns lake,37,CA,1592287137,66,54.23,-125.75,281.23,1.98
515,pavilosta,34,LV,1592287137,87,56.89,21.19,288.15,2.6
516,svarychiv,75,UA,1592287137,100,48.96,24.2,291.15,1.0
517,norsup,75,VU,1592287137,83,-16.07,167.38,300.15,3.6
518,tottori,40,JP,1592287059,73,35.5,134.23,298.15,5.7
519,bichura,99,RU,1592287138,39,50.59,107.6,300.35,4.9
520,talaya,78,RU,1592287138,27,61.38,152.75,296.13,1.01
521,kalmunai,100,LK,1592287138,52,7.42,81.82,306.24,1.91
522,kota tinggi,75,MY,1592287138,74,1.74,103.9,305.15,2.6
523,umm kaddadah,16,SD,1592287138,36,13.6,26.69,304.93,4.46
524,haradok,88,BY,1592287138,77,55.46,29.98,294.15,3.0
525,cangzhou,96,CN,1592287138,14,38.32,116.87,310.17,3.58
526,axim,98,GH,1592287139,83,4.87,-2.24,298.87,1.48
527,puerto lempira,100,HN,1592287139,87,15.27,-83.77,298.87,1.15
528,tukrah,0,LY,1592287139,73,32.53,20.58,295.79,6.97
529,le port,9,RE,1592287137,60,-20.94,55.29,296.15,10.3
530,shitanjing,98,CN,1592287139,29,39.23,106.34,298.2,2.85
531,agadez,0,NE,1592287139,17,19.75,10.25,302.03,4.19
532,aklavik,75,CA,1592287139,30,68.22,-135.01,294.15,2.6
533,kamogawa,20,JP,1592287139,58,35.1,140.1,301.15,7.2
534,vengerovo,24,RU,1592287140,56,55.68,76.75,287.81,2.75
535,douglas,1,US,1592287140,61,41.3,-96.17,299.26,3.6
536,buraydah,0,SA,1592287140,23,26.33,43.98,307.15,8.7
537,lagos,20,NG,1592287043,100,6.58,3.75,298.15,1.64
538,pimenta bueno,17,BR,1592287140,82,-11.67,-61.19,293.85,0.37
539,oda,75,JP,1592287140,69,35.18,132.5,299.15,5.7
540,zheleznodorozhnyy,98,RU,1592287140,72,55.75,38.0,295.93,3.0
541,santa fe,52,AR,1592287141,91,-31.63,-60.7,287.59,1.79
542,goya,68,AR,1592287141,96,-29.14,-59.26,291.93,3.71
543,torzhok,41,RU,1592287141,77,57.04,34.96,294.69,2.15
544,isabela,20,PH,1592287141,66,6.71,121.97,305.15,3.6
545,samarai,80,PG,1592287114,82,-10.62,150.67,299.87,7.56
546,jacareacanga,23,BR,1592287141,85,-6.22,-57.75,295.4,0.53
547,albanel,40,CA,1592287141,44,48.88,-72.45,288.15,4.1
548,bay roberts,100,CA,1592287141,1,47.6,-53.26,282.59,3.54
549,ambon,75,ID,1592287142,94,-3.7,128.18,299.15,3.1
550,hammerfest,75,NO,1592287142,86,70.66,23.68,277.15,9.3
551,faya,4,SA,1592287142,16,18.39,42.45,299.15,2.44
552,purpe,100,RU,1592287137,83,64.48,76.69,285.93,9.28
553,quelimane,30,MZ,1592287142,88,-17.88,36.89,292.29,3.11
554,la ronge,75,CA,1592287142,82,55.1,-105.28,286.15,4.1
555,oranjemund,18,NA,1592287142,29,-28.55,16.43,289.43,12.79
556,borogontsy,46,RU,1592287143,41,62.67,131.17,295.86,2.59
557,grand gaube,80,MU,1592287139,64,-20.01,57.66,297.04,4.92
558,general pico,100,AR,1592287143,83,-35.66,-63.76,280.84,4.0
559,katsuura,20,JP,1592287046,58,35.13,140.3,303.71,7.2
560,tra vinh,99,VN,1592287143,55,9.93,106.35,306.46,2.62
561,ventspils,1,LV,1592287143,100,57.39,21.56,287.15,1.0
562,kuytun,94,RU,1592287143,61,54.34,101.5,290.3,0.68
563,yerbogachen,62,RU,1592287143,37,61.28,108.01,291.64,3.32
564,singaraja,15,ID,1592287143,67,-8.11,115.09,301.93,0.62
565,campo grande,11,BR,1592287135,68,-20.44,-54.65,294.15,5.1
566,yarada,90,IN,1592287144,88,17.65,83.27,301.15,2.6
567,villa carlos paz,24,AR,1592287144,66,-31.42,-64.5,284.82,3.6
568,mufumbwe,0,ZM,1592287144,70,-13.68,24.8,285.75,3.06
569,qandala,72,SO,1592287144,43,11.47,49.87,307.29,1.74
570,springfield,1,US,1592286962,78,37.22,-93.3,296.48,3.1
571,patan,75,NP,1592287144,94,27.67,85.33,296.15,2.6
572,akdepe,21,TM,1592287144,31,42.06,59.38,297.15,7.2
573,alvdal,3,NO,1592287145,93,62.11,10.63,285.15,1.5
574,kohima,97,IN,1592287133,94,25.67,94.12,294.78,0.23
575,intipuca,100,SV,1592287145,95,13.2,-88.05,297.09,2.14
576,kinloss,66,GB,1592287145,93,57.63,-3.57,288.15,3.6
577,cairns,90,AU,1592286948,61,-16.92,145.77,300.15,7.7
578,kamenka,3,RU,1592287017,41,51.32,42.77,295.93,3.58
579,shingu,40,JP,1592287145,69,33.73,135.98,300.15,3.6
580,antofagasta,90,CL,1592286994,77,-23.65,-70.4,288.15,1.0
581,leirvik,5,NO,1592287107,85,59.78,5.5,288.71,0.35
582,srednekolymsk,46,RU,1592287146,25,67.45,153.68,302.12,2.47
583,tezu,76,IN,1592287146,76,27.92,96.17,301.94,0.81
584,zhenjiang,96,CN,1592287146,95,32.21,119.43,297.59,7.0
585,santa cruz,2,BO,1592287146,88,-17.8,-63.17,291.15,2.1
586,beeville,1,US,1592286893,100,28.4,-97.75,298.71,1.5
587,ossora,0,RU,1592287147,68,59.24,163.07,285.21,3.83
588,caravelas,97,BR,1592287147,78,-17.71,-39.25,296.96,4.78
589,hanyang,97,CN,1592287147,89,32.14,105.51,296.48,5.91
590,rottingdean,6,GB,1592287147,97,50.81,-0.06,288.71,0.45
591,moyale,71,KE,1592287147,75,3.52,39.06,292.55,5.91
592,tura,67,IN,1592287001,78,25.52,90.22,302.89,2.59
